801307460607000320403586001700290050910000000000100796000800600030650017060400539
403600950075930002009400361050249670004800010096705000500002040900370125132084796
000268900000370651070004308026485073037600080015032060103007090760003810598140732
000002006700560000620001037060900008007046000930107564080309021300000680012008403
950800710006074200740250006007400000029060147060027305630502079295740061070089502
080590300000037000300400907472010598530200071600758000000104826010080009840960003
169052047273140508800039200730490020480600009006281734050307680327900405608504003
352084167068073524400560300000000210246015938009000405520390600194020803000451700
750006280260851300008002605010200934000018050072500000620085070503600100987124503
000718960601425378800600051700102005010070602002000180000063700304801526000540010
420300796008001000050000814037800069014000320590030008000000640140620007060948051
874569123096042080035780049349218567018690234560400091083054972921873456407026318
027031000300060050800000001506400007030010845700005006050849000208000063174603009
708400056090058030500702900020690005453001097901570082670345820000806000005927003
160853970897001065053090180009304208305020410048009000521037896000980501900105700
100020605080400007640000890006200080000890156508614000800102003000309204423050900
000000508560309072172804003921600730800002090000093820003000280605907341000038659
002798000009003078000020960906075400005904010810000000400807090650209040300500000
516907800093510060020036501354281006071654382600003105000460207000105039745329608
594800000103960820000700039340679102907208060012053900860300005030100798029584006
340079160807015000061042900209000004083007006056400210070036059930004601000080470
900010005000000060400030008500700043307260050000000176005100087100573000700480590
690300750324007890507692304009800571200500049100079008840031965005940023000065487
400005703003701650506490180600000900098014000315976408102040809004059267700230041
780103620000280790300400000806305902420060000093802500007628031200000860608031007
047309000603145078150070200004060703006094512500700846910453020002980351300017400
000608029002543000607109540368790452251060087409052300000935208120487090805000704
570281060402060009100900752000056037013098000000020084391640278840310096605000041
923150000815006430070300051706000002050900000098061300080000160069078000000003007
379541068460972051512863947640157809987406513001389670796208030020730096135000782
000853040150260798080910530006000015000046807270005400090630000062509000305000900
627030005800057296904286170070068419008749030349512708080090654000070320003625080
400070932005009678070063040007031080013854720000090361956080210000300406134900800
008094000600003108093080064500000600400200809729008315000807000965100400004000200
702130654010750920350940018620385001530400076900670005873500060209013540005060009
380020900029050007070030100017248603008005070040000025002003006000090518000084000
017326049903480012428010736000040200251600490000532068080264971000053004602790085
007084013400502798009037245803420506700000180000708329318245907572869001904173002
700083206209061034000520017400000090065892001001006002040000000007048365832007009
900401235345006870182375409000210700209600500674030900720194050400060097891000600
048009302029401000107235908234067000716854209890302760081503097050700080603108005
270060089500403217418000500080157020030200064009040005302914050801600302050030040
600002000050100006100560000326007854004800000500026309060003000240000008930048521
002090003703041058600358097004103006100060374307080921435009802279000410816520700
005100872007853649049270013904001007500730000783400061000507008400062030052040000
096007080840000000030900702000002400002034001005600230000020073029005006008769500
710465800054972100296810504005080002100009350680500007000100240420396700000200001
724050913019234670683001000070590124801460300900003580408000705007380209295647831
083500017020079035065340020200198356390004780058030004800065149070410002604000000
174000000062074005005821070030940267080002001020000589050413006043209108019587030
085031204000940856000086700050460010960005000173800645500007080026050179001208503
902600053016079000000008000059820030720140965140596002895001604000062007000005300
160070492008002035230004816350700200010025000782300541029537180800200653040060900
150702030402060890708000100500600004000093002020400000006000003005300270900240681
060172908010008560700563124000800000003609080850207006020056041000004692486001053
018002097502000080400090002009418000045030916000650078180920040024003600007000820
507904010001560800002381570208009407050000306760845091025008104804016905006000700
291043780687000004000000920703408062068030549029051007002914678000000403810376005
000490530293580000008107029109070243845203007072649805904060351000004082507321400
180247690200159483594863712008421039901730026305986074039018047417092308000374000
190840002632090040004325010050637020701258400003019007046000731000170609517903280
000630015010870300823000704289700530004280076750310040000107080000008000590403007
090852000780006003000043085000205390650038047900000256540601000100070860070009000
090304007430200810001000000000750682000000703000000045007481200900000000206509008
370512900056084317010670042000008000000200170003791025007800200000030058590000634
905814270246357901871090543780960402462583719009742000094135027507620094328079160
508010002017005300623987014001030406002060080406801007200100045184609003735208691
250490038030100602018620540072810000001309000500060001069004210120906000005070806
305076124400000357017050896736000215082000400049002008001528003854301762920047080
010800045400063090705000820003604089000200010106089200647098500031026078890035400
032106000984020063001000400800290700063854219209003040007930021028560094096410507
054000907296730148003000065109583700080017003637024001000009300908350004301206080
040000000700690081819500006070910820102006000905732010008007102200360457007129300
539018746078045129012070538105704080000501974724006315057902000001407000246103897
000908000047120500280500307000782600100000030060014089010860020090200070820400163
390486521012790468008052379206000940040827005035609810053078194001964753070315006
253076908000005040096002350000709400504081000839560000002000570760020804048900000
007593102000000083000087000020000407709010368304000010000006004000020001246009835
936040700000602500200080031020560073070810200300720180593070060780006004640350910
003170069900024081014980327720508010105000290800290730498002000300009070600803940
010462305060000000902000067093700158700051634450080072104630009000005403500000710
864100002100257604200864190408710360006040010001090408012080706003401025700006800
093010800800030001107040053002100030001620090060703208254000079708200060910470000
482053100705006300010000900004105060530609002168304000001008030043000000800402600
500391402732506018490782365000164239010200040304957681050613800180025796246000103
007020380608305041024801005076150830435607902901234076542718693860942100710560408
000457860785126049624809175050000006802964517406200908260541083540083090308002604
090804600080019437340607200675400190000901062129500874904020750013740900200006348
000903000000020891006081520060802030000439015130000240043206000001300700000100304
080006009200400005609000008008005926002080010195004070023900680050360001000840052
740083900000400026163000000087940050259300100300052709400090531925004680801000400
030016004742305000080940235400830561800450397000609408308000600164003079009008143
006008104014060307000010685092380400080001902345029708061090873200143000050076201
050080020890142300000500000080600000130270900000050070510027080900000002078965001
000402009000005603000609410009201308513908700000357060700000286806000194920806000
010004007930016280400027136009405010003178609700092053060841970800209360092700840
030451679175000000604008250302947018051860007007500420516320700723684100800070060
006000800971806032038200900000073526000080304050602008102090040005408019007501280
003041560082650900000023871005400317400100200031085004759300426004000130308264700
890605020754000090026809045070000004269408500400000280005790002007160800632000009
