010008000506020900007406500190000020002040008000200430278500060053902000000000300
902071006600009072170560049504000200309820060020003000230706000000240300000030020
000805000080030091051900030076050080040076105005080069017000900069503000000700200
041320098200090030000007104390071002070000403104630000080210040500000006039000070
000700000007120056000900378801500700000007015705016004006005009098070530510000467
087000010020100000000038502002000000700009023000300857803002090005401008090050740
013002058000000100400500230040670820385420000006080004834000012000800000900036000
000604058862001000000009700980005301307016009214098500003002005600100090000040672
008100000000080090132046070006009001801402030500000700003704900400098002980300067
000850200402000000001900000000028700700500010000000430100085024506030000384070060
501060009009401000063029000000000301600000290010070080390608002006000438704100000
030092006007400000900000580700020105601005408480001970100040003000009850000200000
450000000000981400000000000600008500079020600000050091000010002005007016097300840
000002000000010904080056300090720040000004030400600120009000206560003000800200500
003070092700200406000800005009040051850109024060000000925300700000005000000080009
106000070005000240027540000000037510030050009002018060203090000070003000064000132
029810370034500000600000000800000401100300000000201090060700059000005800280040000
500000200270856034940103760060200000305004802007300040000060300602900000050010029
648059307720386050503000000000905401106438502405001830000003706807600005960500200
460080005902051643530000280010000400005000006000000008040008071100039804059100300
000019000000602004230000609701400000490000000300751000020045036080000020000006000
841002076500000140000000000000347050050009700709200003300600018010000000602000004
000973000080006090760100350040000019278000000051600080000810900124000060800360000
000028300034100090005000000060000030081609007040300056000091000010540700008003214
018270930006430001000060570000540000897000000000093700040000600179020000600000020
000000020000318500004057003800100002001700058490002061070040030006970004103005800
561004032280150007409008006000000070052070364907000050028509700104000005705640001
002007050009000071000450000076200045304065000080000006507000010140030000003009500
500008600160425380403069000040300000906002708751986004670203001010804006890070000
000920000050080030001000706800000500000000070000079400537810002008000361064003800
030000917000760008000000263060100470001204600700609000006300804804900050590410000
165740000807003000000060471006050000504206000000070025008097010403500008001000002
000000200246080000010790034807050300000006000495300000000000500703160940050000080
071528600098004070640197080456010700003075000700003050000000402004001097107300860
304080000900300000085000007090100820700400601006000040030700080000005069000032004
500280000302640009000000600000150000605923000000700830004007003010500008060010000
580090200100000570000508300010700659030000082029080040050000830000000460008170000
630980572800617400049002600002070300084100000500023041050000000290000005008300100
927005600516000030003076000030000000005000070001040908340002700000004000100803042
809000000000902375000000986000000000965200840187060500000028007090400000024730108
000680930000002010000000006306500090200061000000000800690800070000020000008035021
001000009284700003906000080000009000050603092000082160009010800803060700015000000
508703042320810500796040800070300000003001075060407380450060731030075000087004906
000002040005070300040650009000080130053016000219700050100460007706500020000000060
401030000590104300382096010623857000158009703900310058715000000804901060260508130
000000060000697000100000970003062514002500890000400007300270059000004081090108002
003007000061085000894000570010000800000009001470200900000173680000908205600520000
800040307100008905005000400060409000000021078010076040000800000080100000042097001
000070610508600700002050008000000009009000040006400100081006000037800490004002000
008009100000010006301040290084091000009007000100024980005000820000070650902005010
000100703000406010000050000200000941030500200080041000000702600820300005006000002
500479200902300706000020009090003000040257000201046300604508100000100090029700600
020010000000060020004200000750000208008002009291370465309400076600095300540036900
900030080080000000000709300600020903003000678190376002831400200000000504005097000
030000980000208104080093020953001740208300590040029060010006250000000300009035400
060705039000000025052080000500406070080010300600950000000500000070009080390000760
000600000750080002800003000040060000006104090200750000005206079014000000000009040
060409210800600004050002060000000001000004600908050300006008000041500000200300000
271043000000090200590160047930080570160729408700310000007000009009270186000900050
004650009000090010980001074609870402002000050350042006000410080060003000020987060
002003400030192857090004000000017090008620705279300064687200000010000000004006001
062803000905100043008900025000000907100000000000080004004008000006200090580009460
000000006760319004008500020007820463681000257204750090000073840000680700003490612
089000200035000000700030105043000700896000054570000020608400010957018000000250070
020000410000006750600504802009480200000609000038200000006700580700005004004860097
004000000083092106700480039035000060600307020100000008000000200007204050000038000
010904003008000200000000450005080070200060000000100000300012865800400700002090000
000700004956013782040000130060000400204060500500070200409007051085000007107905046
102080600000039000900000020000070005317600004000008200093100070020007000000005406
200760089006500300000000000470003052010002000500000000080020510009000000000041000
005300004100970003390000578436010082020000050800000030200680000079000000500000020
290070400000340002004090000040050930010289540050030021000013700079428050000000019
010000000504010038080074090725400380006027059100006000008002003301700000450080000
750623980890100523024000006035942078908007045400008000003090800089031467007485090
004020000061700023070000040785010096009008200002030850350009080040000900900160000
006090100120030096090100000087004000000070001000003000430001608900600000201000900
073900000890056030600003200000090050700040062035000007021000076900000023000207109
000009078481060005207050000065000002000002156902500000000905080728000000500620007
040085009963001800075090300000000900700960250009500180000249060000030002600000000
000480700000003000900000000000012054150008200020040800300894607080760009096021400
000126030030084560060000004290050107400097806500460000020600000948300000001500002
001003700050000020040820016000002030090058001520001090000000000005060002602315070
300000000400200007060430000000700962100002008000900071089023054700000800000004020
450070010706100508001050060060002051000700000008910600000000905073020180500040070
000001040810534907000029600000087000200040060308050700100000406700008010400005070
068010000071000460000070050003040802400600500190038674000004385300700010800050907
690000080008250000070006009000000095009400002020900017002003070300000020184020950
301200400507060000902350060610032005703000600050000000039605071100048320006070500
000410060410002009030050024000300007040000008600900231207000300900020005103504002
600200408500700963403800100700350800000000000900000034150002040800900007300000006
020630080580000000000000043000709000609200000000040050002015600008023000900070020
000003900034000701850700004000002000190000000087090000021056079000000010003049206
000641050010000000000800000071000200090060470680003509706004002000090703200300000
005201607010050300006040051300682010600100002020400596000004020003000100800300060
000509270030060004075310000083900020000801000000472006350728000042693000097100300
000002070306000400000000506068000000900008010000056700040005027502079000780060095
954060000070009005000000709160932870000070050207485600000008300510003420000700080
400010000010000002860000005600800400200000000000007016180000020702500630056028070
300094100405710600900500000000000208008009000000008074001040890009807420807900000
000036080302001740001005030070028000040300000800004510007000001405802907000507000
