060000800001048700000500000050800063700900405000654070105007608827006004003000127
000070000000020007035064280053082600007900000081306000009058100000431008120600430
304000600078409000290300070007000203000008090900170040629000005000090700001004936
572300000000120000800560000045710290000000500093400008080000700907036102300270080
498200635021683749607054180243510867076432951010867423782390514004700090300140000
001809062608004950003506070000090080000200509040085000384700001010300700002960800
000005000098630052407201000820300795560074001700082046000408009900103074000759628
105070906873000120090000304300610002000000000050934000517200009004800200908006000
008010040060380250000209080607190805910000000005000000400000000852071090036008100
010097040700086001060000827054601000009005060080039002400000008500000000690502003
024500000050721003361489025097050018012803006080090000005000060976310080200000030
020061000000000604060040900006000132500920006070136059208700063630280590040650008
000070003024006050600054000062500100508029437000000000106930080900000304050080006
009120600008004501061053000000586403002901867600300000005209380026005179040010250
074600580001800006000702000060001900000400010400209300000307000007040853038000009
100020090480693100000501400804305729201709008070268014600132050708006001000080206
000050060280097053040026009607000800004060301100200600000004582062005000570000946
070020800819700600200586791000070916400102307700398005050030174100857069920000038
005040000010200093063098012000006120400072000127900005000030000032000000000705900
700090008005307692960200731350000074201740003607900015520000306006023109100000507
903000018008061304000930700502079000637005081400010502000007800804500000000102040
416008237200301546000024981645213700030040052100050403351982674762035810890160325
040509801000870302000060000583940210401000039970310000052097400700685923000423105
040030205103008004060050310021095000085070020070001800000060000000700902008002540
270069400010800000030000009000608732080903060000000008057391024300486501100207000
805612039030079608709043052020301074170080503080004000617030000400067381308125400
570048613184903057206507048800352461052070080013080502900725830048106700725834106
085000079200490008000307050032800000008976000091253080003700020020000001050102803
002001004100046000435029810098000540250000009014000078000030000600008000003002900
603009507000800409905267801800901003300480002000735008400570900509300070712694380
000070080506093400870100000420709610780014002000002000003900840007060001000000900
605300002820147659009265070380672495240901037007483000700810020038026014000034006
084000030030090000060047009000000000007020610826070900070030096090002004603400200
000090200603050100040803000420107053708006020000040000000000314100000070090001000
080300007740601850605708014064009080079084000800560700056417200200006000017832000
389746002057019348241008970032007004104035620576421893028593001765102439913670205
051000020000740068860050300100200406040010030570060000600409002089000100000100690
700005002504018300000007640000003090089000006003800000045000083000509001602080900
000000008020908300000620000030096782000705631060080904090500840003017069050000003
900008700600000500040020816260705000379140208000000000023060000795000001006070009
980304010300500402020018009040180090198703005507002801000890200270000150003250900
620391504030000926070060800000000400045009703000504080790000150850700090002900307
600002807300000000080053009700800941038209705000001002000906100070010020200500008
005000604060378050030405800046000590000054176500000020300609082608500040007002005
082459060930200804000038000397002085051896740864073009479010038008324007003000400
008105074400760350700080060210000480973814026800002000007041090039000000002006010
300000004100800030004000801000620407200057000000900060070106080080042300002030006
850279016000100000040058070010000600000001890920000000006000050001806029300007060
080000006520001400004806000100583040300629000000100803200060070803207004400038062
804050003090200000200417068900070125000026700703500086002905000050000300400000850
032000000804500001000034000010926080600001405300000002000600274083245006206100050
307948065104056329005301700709062001002080630056103092603210074508600213200030056
316000004900137060000000035030401080004306020678950400059700341000200900061000000
308670000000039200000100070016000300009000007003007890104050080607084000005006904
614900050020685000590000076070529000000000500050300701000010629000007035000850140
007564931406310500153902680500020709079841203304759168860005300032106005940230810
040080700530700000090200004060090008004070615070000900350000400000950800016000590
000000071030000200200000304560009013002458096900600805076034089009000030000001040
960050800037208001805600309246500080001936400300840000000100298098025130123700000
009080600003567904040003870738402006456008007021056348010805060097601003800009100
729054000000000024364021700082570160000040000190602047946213078500907000007485016
297060040406001000810024700600007100000030008300140205003400529000000307700002006
000000806013650207050000030071500940000040002002080300300010009007005003094703001
018590000590010008070060090030901060402307000009050070000800106000109300020005700
040109003003050900950008002000040001102000046094700008060200409280370100010000300
400281970250396100918005000539104020872609400106850003701063080085007619600018007
003004708090306000401750069050000080800009640064000900100000006046915800078460012
000020000950060000610800007291640780460000200005980106309000401500010978007090050
000000000000035176602000400050000090298000014007150000020804003040390008800060701
700420600108569070000700005000050030076000009509640007000016250250004061001090000
000090500593080706071500290040705000100008637730000004010420078000853009080071005
061900837350000000297008060825010003010004000700005902000500201500021600080706300
600008010098100000700500020035469100060005003409017050354000007900074000070603080
100802704203614059058309000681043000392705006040096283806407590914028007030960028
090078000002604005004050020400107080000400093080902600000800019008019360000700250
020708590937601000100400036000095007000010859001800623206984000009002000048503000
205000308406098000100003560620084000004006700500312406062000009000860070000120640
038076009207040003196050000600000030000001045085007210500600001000793000003500600
045603020003000795000500460890300014010840200504907008000000100000206950000400000
031924850680705030529306714007160583362859471800400269948600025270591008150248300
230670005408009700005000301060500400700090000951200008597000200000000000042005007
870009230000361007090700006040106070000030060080000004008002000450900008702040000
003750600600004000924800053070089240000006300008407509106270035032045000405600000
070006050800030700300780014000420000000070045040100382460010000030000006795000100
069070503700800010008034706040718030090460850001000607500020000910007300806009070
970000030052609000000040000005068409690402108048000023507980300301006090400003560
680002003390800004000019000402690080170030962956120400020781000804000270763005019
251300040089076000407100090500790020000008009000040000810000900003050800900000001
004071835070000006800304100000739000010250300200040059000403028000807500008000701
000800170400200060028001439090030720074080010000140895980010307746008051130009080
059704003170832405000051062400320609000670004908400037594286371031040920702003506
083016704001800900600007810917035080046100090050794060000080000068370009000060030
235080000004000200100237805000008060008026003000940000371802000069003000840079000
380010290790002008600900037012300009070090005530020070007400182008000043243700000
260081037930265400000739026090500301673198245152043079041852690386900052529376084
900000230002003906763090480230008090040000020805000610629500078070600042000000300
010580497050936812008410035109704263020891700504620189060005941931200576040000308
000000103705081200001600005408005691390060450500402038903270000652800007000050000
009670034740300002003854090900018006060009023074000089100080000300407010007100300
000853940840007000350020718510900034037405090004000087070000806000030000290000403
